phase, derivative, T, V, cut, N, mean, variance
sol_fcc d_1_0 910.000000 25.625000, 5.000000 1728.000000 0.053773 0.000020
sol_fcc d_0_1 910.000000 25.625000, 5.000000 1728.000000 0.163051 0.000000
sol_fcc d_1_0 560.000000 30.625000, 5.000000 1728.000000 -1.722017 0.000013
sol_fcc d_0_1 560.000000 30.625000, 5.000000 1728.000000 0.179285 0.000000
sol_fcc d_1_0 860.000000 26.875000, 5.000000 1000.000000 -0.098848 0.000009
sol_fcc d_0_1 860.000000 26.875000, 5.000000 1000.000000 0.174530 0.000000
sol_fcc d_1_0 660.000000 29.375000, 5.000000 1000.000000 -1.167789 0.000010
sol_fcc d_0_1 660.000000 29.375000, 5.000000 1000.000000 0.182034 0.000000
sol_fcc d_1_0 310.000000 28.750000, 5.000000 4096.000000 -1.949431 0.000020
sol_fcc d_0_1 310.000000 28.750000, 5.000000 4096.000000 0.210218 0.000000
sol_fcc d_1_0 210.000000 27.500000, 5.000000 2744.000000 -0.881740 0.000059
sol_fcc d_0_1 210.000000 27.500000, 5.000000 2744.000000 0.209836 0.000000
sol_fcc d_1_0 510.000000 31.250000, 5.000000 8000.000000 -2.076914 0.000008
sol_fcc d_0_1 510.000000 31.250000, 5.000000 8000.000000 0.184162 0.000000
sol_fcc d_1_0 710.000000 32.500000, 5.000000 5832.000000 -2.023800 0.000006
sol_fcc d_0_1 710.000000 32.500000, 5.000000 5832.000000 0.182406 0.000000
sol_fcc d_1_0 610.000000 31.250000, 5.000000 5832.000000 -1.787225 0.000006
sol_fcc d_0_1 610.000000 31.250000, 5.000000 5832.000000 0.180511 0.000000
sol_fcc d_1_0 460.000000 31.875000, 5.000000 512.000000 -2.620726 0.000031
sol_fcc d_0_1 460.000000 31.875000, 5.000000 512.000000 0.190549 0.000000
sol_fcc d_1_0 410.000000 30.000000, 5.000000 5832.000000 -2.043093 0.000013
sol_fcc d_0_1 410.000000 30.000000, 5.000000 5832.000000 0.179704 0.000000
sol_fcc d_1_0 810.000000 33.125000, 5.000000 4096.000000 -1.926798 0.000058
sol_fcc d_0_1 810.000000 33.125000, 5.000000 4096.000000 0.182138 0.000000
sol_fcc d_1_0 110.000000 26.250000, 5.000000 1728.000000 -0.410767 0.000361
sol_fcc d_0_1 110.000000 26.250000, 5.000000 1728.000000 0.176043 0.000000
sol_fcc d_1_0 760.000000 28.125000, 5.000000 2744.000000 -0.507734 0.000005
sol_fcc d_0_1 760.000000 28.125000, 5.000000 2744.000000 0.187562 0.000000
